1717170
2768546
3864964
4961425
6057928
7154474
8251061
9347691
10444363
11541077
12637834
13734633
14831474
15928357
17025283
18122250
19219261
20316313
21413407
22510544
23607723
24704945
25802208
26899514
27996862
29094252
30191685
31289160
32386677
33484236
34581838
35679481
36777168
37874896
38972666
40070479
41168334
42266232
43364171
44462153
45560177
46658243
47756352
48854503
49952696
51050931
52149209
53247528
54345891
55444295
56542741
57641230
58739761
59838335
60936950
62035608
63134308
64233050
65331835
66430662
67529531
68628442
69727396
70826391
71925430
73024510
74123632
75222797
76322004
77421254
78520545
79619879
80719255
81818673
        82918134
84017637
85117182
86216769
87316399
88416070
89515785
90615541
91715339
92815180
93915063
95014989
96114956
97214966
98315018
99415112
100515249
101615428
102715649
103815912
104916218
106016565
107116956
108217388
109317862
110418379